stimuli_id,stimuli_title,chapter,scene_no,scene_no_old,scene_start_frame_padded,scene_end_frame_padded,scene_start_time_padded,scene_end_time_padded,scene_start_frame_unpadded,scene_end_frame_unpadded,scene_start_time_unpadded,scene_end_time_unpadded,scene_start_time_unpadded_cumulative,scene_end_time_unpadded_cumulative,scene_start_frame_unpadded_cumulative,scene_end_frame_unpadded_cumulative
4,Room,1,1,1,74,3019,1.2166618,50.3164654,1,2946,0,49.0998036,0,49.0998036,1,2946
4,Room,1,2,2,3020,3226,50.3164654,53.7664516,2947,3153,49.0998036,52.5497898,49.0998036,52.5497898,2947,3153
4,Room,1,3,3,3227,4018,53.7664516,66.9663988,3154,3945,52.5497898,65.749737,52.5497898,65.749737,3154,3945
4,Room,1,4,4,4019,5857,66.9663988,97.6162762,3946,5784,65.749737,96.3996144,65.749737,96.3996144,3946,5784
4,Room,1,5,5,5858,19138,97.6162762,318.9653908,5785,19065,96.3996144,317.748729,96.3996144,317.748729,5785,19065
4,Room,1,6,6,19139,21388,318.9653908,356.4652408,19066,21315,317.748729,355.248579,317.748729,355.248579,19066,21315
4,Room,1,7,7,21389,25542,356.4652408,425.6982972,21316,25469,355.248579,424.4816354,355.248579,424.4816354,21316,25469
4,Room,2,8,9,82,1122,1.3499946,18.6999252,9,1049,0.1333328,17.4832634,427.5149566,444.8648872,25651,26691
4,Room,2,9,10,1123,2491,18.6999252,41.5165006,1050,2418,17.4832634,40.2998388,444.8648872,467.6814626,26692,28060
4,Room,2,10,11,2492,7018,41.5165006,116.9661988,2419,6945,40.2998388,115.749537,467.6814626,543.1311608,28061,32587
4,Room,2,11,12,7019,12379,116.9661988,206.3158414,6946,12306,115.749537,205.0991796,543.1311608,632.4808034,32588,37948
4,Room,2,12,13,12380,13410,206.3158414,223.499106,12307,13337,205.0991796,222.2824442,632.4808034,649.664068,37949,38979
4,Room,2,13,14,13411,15130,223.499106,252.165658,13338,15057,222.2824442,250.9489962,649.664068,678.33062,38980,40699
4,Room,2,14,15,15131,19018,252.165658,316.9653988,15058,18945,250.9489962,315.748737,678.33062,743.1303608,40700,44587
4,Room,3,15,17,82,3492,1.3499946,58.1997672,9,3419,0.1333328,56.9831054,743.2970268,800.1467994,44597,48007
4,Room,3,16,18,3493,13632,58.1997672,227.1990912,3420,13559,56.9831054,225.9824294,800.1467994,969.1461234,48008,58147
4,Room,3,17,19,13633,17031,227.1990912,283.8488646,13560,16958,225.9824294,282.6322028,969.1461234,1025.7958968,58148,61546
4,Room,3,18,20,17032,21544,283.8488646,359.0652304,16959,21471,282.6322028,357.8485686,1025.7958968,1101.0122626,61547,66059
4,Room,3,19,21,21545,23371,359.0652304,389.5151086,21472,23298,357.8485686,388.2984468,1101.0122626,1131.4621408,66060,67886
4,Room,3,20,22,23372,34582,389.5151086,576.3643612,23299,34509,388.2984468,575.1476994,1131.4621408,1318.3113934,67887,79097
4,Room,3,21,23,34583,43681,576.3643612,728.0137546,34510,43608,575.1476994,726.7970928,1318.3113934,1469.9607868,79098,88196
4,Room,4,22,25,83,4113,1.3666612,68.5497258,10,4040,0.1499994,67.333064,1470.160786,1537.3438506,88208,92238
4,Room,4,23,26,4114,24201,68.5497258,403.3483866,4041,24128,67.333064,402.1317248,1537.3438506,1872.1425114,92239,112326
4,Room,5,24,28,82,3802,1.3499946,63.3664132,9,3729,0.1333328,62.1497514,1872.325844,1934.3422626,112337,116057
4,Room,5,25,29,3803,5091,63.3664132,84.8496606,3730,5018,62.1497514,83.6329988,1934.3422626,1955.82551,116058,117346
4,Room,5,26,30,5092,8626,84.8496606,143.7660916,5019,8553,83.6329988,142.5494298,1955.82551,2014.741941,117347,120881
4,Room,5,27,31,8627,12864,143.7660916,214.3991424,8554,12791,142.5494298,213.1824806,2014.741941,2085.3749918,120882,125119
4,Room,5,28,32,12865,21979,214.3991424,366.3152014,12792,21906,213.1824806,365.0985396,2085.3749918,2237.2910508,125120,134234
4,Room,6,29,34,250,8068,4.1499834,134.4661288,177,7995,2.9333216,133.249467,2240.2743722,2370.5905176,134413,142231
4,Room,6,30,35,8069,13270,134.4661288,221.165782,7996,13197,133.249467,219.9491202,2370.5905176,2457.2901708,142232,147433
4,Room,6,31,36,13271,16726,221.165782,278.7655516,13198,16653,219.9491202,277.5488898,2457.2901708,2514.8899404,147434,150889
4,Room,6,32,37,16727,23400,278.7655516,389.99844,16654,23327,277.5488898,388.7817782,2514.8899404,2626.1228288,150890,157563
4,Room,6,33,38,23401,36733,389.99844,612.2142178,23328,36660,388.7817782,610.997556,2626.1228288,2848.3386066,157564,170896
4,Room,7,34,40,82,5805,1.3499946,96.749613,9,5732,0.1333328,95.5329512,2848.571939,2943.9715574,170910,176633
4,Room,7,35,41,5806,17863,96.749613,297.7154758,5733,17790,95.5329512,296.498814,2943.9715574,3144.9374202,176634,188691
4,Room,8,36,43,82,2713,1.3499946,45.2164858,9,2640,0.1333328,43.999824,3147.8707418,3191.737233,188867,191498
4,Room,8,37,44,2714,8127,45.2164858,135.4494582,2641,8054,43.999824,134.2327964,3191.737233,3281.9702054,191499,196912
4,Room,8,38,45,8128,26422,135.4494582,440.3649052,8055,26349,134.2327964,439.1482434,3281.9702054,3586.8856524,196913,215207
4,Room,9,39,47,80,1621,1.3166614,27.0165586,7,1548,0.0999996,25.7998968,3587.0189852,3612.7188824,215215,216756
4,Room,9,40,48,1622,13084,27.0165586,218.0657944,1549,13011,25.7998968,216.8491326,3612.7188824,3803.7681182,216757,228219
4,Room,9,41,49,13085,16663,218.0657944,277.7155558,13012,16590,216.8491326,276.498894,3803.7681182,3863.4178796,228220,231798
4,Room,9,42,50,16664,17911,277.7155558,298.5154726,16591,17838,276.498894,297.2988108,3863.4178796,3884.2177964,231799,233046
4,Room,9,43,51,17912,29383,298.5154726,489.7147078,17839,29310,297.2988108,488.498046,3884.2177964,4075.4170316,233047,244518
4,Room,9,44,52,29384,30238,489.7147078,503.9646508,29311,30165,488.498046,502.747989,4075.4170316,4089.6669746,244519,245373
4,Room,9,45,53,30239,31990,503.9646508,533.164534,30166,31917,502.747989,531.9478722,4089.6669746,4118.8668578,245374,247125
4,Room,9,46,54,31991,35089,533.164534,584.8143274,31918,35016,531.9478722,583.5976656,4118.8668578,4170.5166512,247126,250224
4,Room,10,47,56,242,1548,4.0166506,25.7998968,169,1475,2.7999888,24.583235,4173.399973,4195.1832192,250397,251703
4,Room,10,48,57,1549,15031,25.7998968,250.5156646,1476,14958,24.583235,249.2990028,4195.1832192,4419.898987,251704,265186
4,Room,10,49,58,15032,18277,250.5156646,304.6154482,14959,18204,249.2990028,303.3987864,4419.898987,4473.9987706,265187,268432
4,Room,10,50,59,18278,26593,304.6154482,443.2148938,18205,26520,303.3987864,441.998232,4473.9987706,4612.5982162,268433,276748
4,Room,11,51,61,82,958,1.3499946,15.9666028,9,885,0.1333328,14.749941,4612.814882,4627.4314902,276761,277637
4,Room,11,52,62,959,2395,15.9666028,39.916507,886,2322,14.749941,38.6998452,4627.4314902,4651.3813944,277638,279074
4,Room,11,53,63,2396,7048,39.916507,117.4661968,2323,6975,38.6998452,116.249535,4651.3813944,4728.9310842,279075,283727
4,Room,11,54,64,7049,8293,117.4661968,138.2161138,6976,8220,116.249535,136.999452,4728.9310842,4749.6810012,283728,284972
4,Room,11,55,65,8294,9387,138.2161138,156.4493742,8221,9314,136.999452,155.2327124,4749.6810012,4767.9142616,284973,286066
4,Room,11,56,66,9388,10188,156.4493742,169.7993208,9315,10115,155.2327124,168.582659,4767.9142616,4781.2642082,286067,286867
4,Room,11,57,67,10189,12109,169.7993208,201.8158594,10116,12036,168.582659,200.5991976,4781.2642082,4813.2807468,286868,288788
4,Room,11,58,68,12110,17611,201.8158594,293.5154926,12037,17538,200.5991976,292.2988308,4813.2807468,4904.98038,288789,294290
4,Room,11,59,69,17612,22183,293.5154926,369.7151878,17539,22110,292.2988308,368.498526,4904.98038,4981.1800752,294291,298862
4,Room,11,60,70,22184,25311,369.7151878,421.8483126,22111,25238,368.498526,420.6316508,4981.1800752,5033.3132,298863,301990
4,Room,12,61,72,82,400,1.3499946,6.66664,9,327,0.1333328,5.4499782,5034.1965298,5039.5131752,302043,302361
4,Room,12,62,73,401,12313,6.66664,205.2158458,328,12240,5.4499782,203.999184,5039.5131752,5238.062381,302362,314274
4,Room,12,63,74,12314,13932,205.2158458,232.1990712,12241,13859,203.999184,230.9824094,5238.062381,5265.0456064,314275,315893
4,Room,12,64,75,13933,15882,232.1990712,264.6989412,13860,15809,230.9824094,263.4822794,5265.0456064,5297.5454764,315894,317843
4,Room,12,65,76,15883,16561,264.6989412,276.0155626,15810,16488,263.4822794,274.7989008,5297.5454764,5308.8620978,317844,318522
4,Room,12,66,77,16562,27565,276.0155626,459.414829,16489,27492,274.7989008,458.1981672,5308.8620978,5492.2613642,318523,329526
4,Room,13,67,79,83,1975,1.3666612,32.916535,10,1902,0.1499994,31.6998732,5492.4613634,5524.0112372,329538,331430
4,Room,13,68,80,1976,6693,32.916535,111.5495538,1903,6620,31.6998732,110.332892,5524.0112372,5602.644256,331431,336148
4,Room,13,69,81,6694,8905,111.5495538,148.416073,6621,8832,110.332892,147.1994112,5602.644256,5639.5107752,336149,338360
4,Room,13,70,82,8906,10882,148.416073,181.3659412,8833,10809,147.1994112,180.1492794,5639.5107752,5672.4606434,338361,340337
4,Room,13,71,83,10883,14077,181.3659412,234.6157282,10810,14004,180.1492794,233.3990664,5672.4606434,5725.7104304,340338,343532
4,Room,13,72,84,14078,15106,234.6157282,251.7656596,14005,15033,233.3990664,250.5489978,5725.7104304,5742.8603618,343533,344561
4,Room,13,73,85,15107,18742,251.7656596,312.3654172,15034,18669,250.5489978,311.1487554,5742.8603618,5803.4601194,344562,348197
4,Room,13,74,86,18743,19831,312.3654172,330.5153446,18670,19758,311.1487554,329.2986828,5803.4601194,5821.6100468,348198,349286
4,Room,14,75,88,80,3054,1.3166614,50.8997964,7,2981,0.0999996,49.6831346,5824.7100344,5874.2931694,349472,352446
4,Room,14,76,89,3055,7618,50.8997964,126.9661588,2982,7545,49.6831346,125.749497,5874.2931694,5950.3595318,352447,357010
4,Room,14,77,90,7619,10029,126.9661588,167.1493314,7546,9956,125.749497,165.9326696,5950.3595318,5990.5427044,357011,359421
4,Room,14,78,91,10030,11886,167.1493314,198.0992076,9957,11813,165.9326696,196.8825458,5990.5427044,6021.4925806,359422,361278
4,Room,14,79,92,11887,13405,198.0992076,223.415773,11814,13332,196.8825458,222.1991112,6021.4925806,6046.809146,361279,362797
4,Room,14,80,93,13406,20044,223.415773,334.0653304,13333,19971,222.1991112,332.8486686,6046.809146,6157.4587034,362798,369436
4,Room,14,81,94,20045,23200,334.0653304,386.66512,19972,23127,332.8486686,385.4484582,6157.4587034,6210.058493,369437,372592
4,Room,15,82,96,82,1261,1.3499946,21.0165826,9,1188,0.1333328,19.7999208,6210.2418256,6229.9084136,372603,373782
4,Room,15,83,97,1262,3954,21.0165826,65.8997364,1189,3881,19.7999208,64.6830746,6229.9084136,6274.7915674,373783,376475
4,Room,15,84,98,3955,12757,65.8997364,212.6158162,3882,12684,64.6830746,211.3991544,6274.7915674,6421.5076472,376476,385278
4,Room,15,85,99,12758,13522,212.6158162,225.3657652,12685,13449,211.3991544,224.1491034,6421.5076472,6434.2575962,385279,386043
4,Room,15,86,100,13523,13876,225.3657652,231.2657416,13450,13803,224.1491034,230.0490798,6434.2575962,6440.1575726,386044,386397
4,Room,15,87,101,13877,14565,231.2657416,242.749029,13804,14492,230.0490798,241.5323672,6440.1575726,6451.64086,386398,387086
4,Room,15,88,102,14566,15262,242.749029,254.3656492,14493,15189,241.5323672,253.1489874,6451.64086,6463.2574802,387087,387783
4,Room,15,89,103,15263,16582,254.3656492,276.3655612,15190,16509,253.1489874,275.1488994,6463.2574802,6485.2573922,387784,389103
4,Room,15,90,104,16583,17806,276.3655612,296.7654796,16510,17733,275.1488994,295.5488178,6485.2573922,6505.6573106,389104,390327
4,Room,16,91,106,82,2418,1.3499946,40.2998388,9,2345,0.1333328,39.083177,6505.8239766,6544.7738208,390337,392673
4,Room,16,92,107,2419,15621,40.2998388,260.3489586,2346,15548,39.083177,259.1322968,6544.7738208,6764.8229406,392674,405876
4,Room,16,93,108,15622,16519,260.3489586,275.3155654,15549,16446,259.1322968,274.0989036,6764.8229406,6779.7895474,405877,406774
