stimuli_id,stimuli_title,chapter,scene_no,scene_no_old,scene_start_frame_padded,scene_end_frame_padded,scene_start_time_padded,scene_end_time_padded,scene_start_frame_unpadded,scene_end_frame_unpadded,scene_start_time_unpadded,scene_end_time_unpadded,scene_start_time_unpadded_cumulative,scene_end_time_unpadded_cumulative,scene_start_frame_unpadded_cumulative,scene_end_frame_unpadded_cumulative
13,Woodshock,1,1,1,74,1474,1.2166618,24.5665684,1,1401,0,23.3499066,0,23.3499066,1,1401
13,Woodshock,1,2,2,1475,4378,24.5665684,72.9663748,1402,4305,23.3499066,71.749713,23.3499066,71.749713,1402,4305
13,Woodshock,1,3,3,4379,5139,72.9663748,85.6496574,4306,5066,71.749713,84.4329956,71.749713,84.4329956,4306,5066
13,Woodshock,1,4,4,5140,18049,85.6496574,300.8154634,5067,17976,84.4329956,299.5988016,84.4329956,299.5988016,5067,17976
13,Woodshock,1,5,5,18050,20739,300.8154634,345.6486174,17977,20666,299.5988016,344.4319556,299.5988016,344.4319556,17977,20666
13,Woodshock,1,6,6,20740,20907,345.6486174,348.4486062,20667,20834,344.4319556,347.2319444,344.4319556,347.2319444,20667,20834
13,Woodshock,1,7,7,20908,21615,348.4486062,360.248559,20835,21542,347.2319444,359.0318972,347.2319444,359.0318972,20835,21542
13,Woodshock,1,8,8,21616,22231,360.248559,370.5151846,21543,22158,359.0318972,369.2985228,359.0318972,369.2985228,21543,22158
13,Woodshock,1,9,9,22232,22516,370.5151846,375.2651656,22159,22443,369.2985228,374.0485038,369.2985228,374.0485038,22159,22443
13,Woodshock,1,10,10,22517,23260,375.2651656,387.665116,22444,23187,374.0485038,386.4484542,374.0485038,386.4484542,22444,23187
13,Woodshock,1,11,11,23261,24931,387.665116,415.5150046,23188,24858,386.4484542,414.2983428,386.4484542,414.2983428,23188,24858
13,Woodshock,1,12,12,24932,30391,415.5150046,506.5146406,24859,30318,414.2983428,505.2979788,414.2983428,505.2979788,24859,30318
13,Woodshock,1,13,13,30392,32560,506.5146406,542.664496,30319,32487,505.2979788,541.4478342,505.2979788,541.4478342,30319,32487
13,Woodshock,1,14,14,32561,39951,542.664496,665.8473366,32488,39878,541.4478342,664.6306748,541.4478342,664.6306748,32488,39878
13,Woodshock,2,15,16,89,4552,1.4666608,75.8663632,16,4479,0.249999,74.6497014,665.497338,739.8970404,39930,44393
13,Woodshock,2,16,17,4553,9307,75.8663632,155.1160462,4480,9234,74.6497014,153.8993844,739.8970404,819.1467234,44394,49148
13,Woodshock,2,17,18,9308,10147,155.1160462,169.1159902,9235,10074,153.8993844,167.8993284,819.1467234,833.1466674,49149,49988
13,Woodshock,2,18,19,10148,12769,169.1159902,212.8158154,10075,12696,167.8993284,211.5991536,833.1466674,876.8464926,49989,52610
13,Woodshock,2,19,20,12770,13642,212.8158154,227.3657572,12697,13569,211.5991536,226.1490954,876.8464926,891.3964344,52611,53483
13,Woodshock,2,20,21,13643,15067,227.3657572,251.1156622,13570,14994,226.1490954,249.8990004,891.3964344,915.1463394,53484,54908
13,Woodshock,2,21,22,15068,22870,251.1156622,381.165142,14995,22797,249.8990004,379.9484802,915.1463394,1045.1958192,54909,62711
13,Woodshock,2,22,23,22871,24586,381.165142,409.7650276,22798,24513,379.9484802,408.5483658,1045.1958192,1073.7957048,62712,64427
13,Woodshock,2,23,24,24587,25129,409.7650276,418.8149914,24514,25056,408.5483658,417.5983296,1073.7957048,1082.8456686,64428,64970
13,Woodshock,2,24,25,25130,28837,418.8149914,480.6147442,25057,28764,417.5983296,479.3980824,1082.8456686,1144.6454214,64971,68678
13,Woodshock,2,25,26,28838,36228,480.6147442,603.7975848,28765,36155,479.3980824,602.580923,1144.6454214,1267.828262,68679,76069
13,Woodshock,2,26,27,36229,37780,603.7975848,629.664148,36156,37707,602.580923,628.4474862,1267.828262,1293.6948252,76070,77621
13,Woodshock,2,27,28,37781,41890,629.664148,698.163874,37708,41817,628.4474862,696.9472122,1293.6948252,1362.1945512,77622,81731
13,Woodshock,2,28,29,41891,51157,698.163874,852.6132562,41818,51084,696.9472122,851.3965944,1362.1945512,1516.6439334,81732,90998
13,Woodshock,2,29,30,51158,60988,852.6132562,1016.4626008,51085,60915,851.3965944,1015.245939,1516.6439334,1680.493278,90999,100829
13,Woodshock,2,30,31,60989,64588,1016.4626008,1076.4623608,60916,64515,1015.245939,1075.245699,1680.493278,1740.493038,100830,104429
13,Woodshock,3,31,33,89,1246,1.4666608,20.7665836,16,1173,0.249999,19.5499218,1741.2263684,1760.5262912,104473,105630
13,Woodshock,3,32,34,1247,6795,20.7665836,113.249547,1174,6722,19.5499218,112.0328852,1760.5262912,1853.0092546,105631,111179
13,Woodshock,3,33,35,6796,8835,113.249547,147.249411,6723,8762,112.0328852,146.0327492,1853.0092546,1887.0091186,111180,113219
13,Woodshock,3,34,36,8836,9879,147.249411,164.6493414,8763,9806,146.0327492,163.4326796,1887.0091186,1904.409049,113220,114263
13,Woodshock,3,35,37,9880,14167,164.6493414,236.1157222,9807,14094,163.4326796,234.8990604,1904.409049,1975.8754298,114264,118551
13,Woodshock,3,36,38,14168,17206,236.1157222,286.7655196,14095,17133,234.8990604,285.5488578,1975.8754298,2026.5252272,118552,121590
13,Woodshock,3,37,39,17207,21181,286.7655196,353.0152546,17134,21108,285.5488578,351.7985928,2026.5252272,2092.7749622,121591,125565
13,Woodshock,3,38,40,21182,26860,353.0152546,447.664876,21109,26787,351.7985928,446.4482142,2092.7749622,2187.4245836,125566,131244
13,Woodshock,3,39,41,26861,30976,447.664876,516.2646016,26788,30903,446.4482142,515.0479398,2187.4245836,2256.0243092,131245,135360
13,Woodshock,3,40,42,30977,36922,516.2646016,615.3642052,30904,36849,515.0479398,614.1475434,2256.0243092,2355.1239128,135361,141306
13,Woodshock,3,41,43,36923,38871,615.3642052,647.8474086,36850,38798,614.1475434,646.6307468,2355.1239128,2387.6071162,141307,143255
13,Woodshock,4,42,45,91,724,1.499994,12.0666184,18,651,0.2833322,10.8499566,2388.2571136,2398.823738,143294,143927
13,Woodshock,4,43,46,725,3894,12.0666184,64.8997404,652,3821,10.8499566,63.6830786,2398.823738,2451.65686,143928,147097
13,Woodshock,4,44,47,3895,5661,64.8997404,94.3496226,3822,5588,63.6830786,93.1329608,2451.65686,2481.1067422,147098,148864
13,Woodshock,4,45,48,5662,12112,94.3496226,201.8658592,5589,12039,93.1329608,200.6491974,2481.1067422,2588.6229788,148865,155315
13,Woodshock,4,46,49,12113,14133,201.8658592,235.5490578,12040,14060,200.6491974,234.332396,2588.6229788,2622.3061774,155316,157336
13,Woodshock,4,47,50,14134,22462,235.5490578,374.3651692,14061,22389,234.332396,373.1485074,2622.3061774,2761.1222888,157337,165665
13,Woodshock,4,48,51,22463,27388,374.3651692,456.4648408,22390,27315,373.1485074,455.248179,2761.1222888,2843.2219604,165666,170591
13,Woodshock,5,49,53,91,3933,1.499994,65.5497378,18,3860,0.2833322,64.333076,2843.988624,2908.0383678,170637,174479
13,Woodshock,5,50,54,3934,39202,65.5497378,653.3640532,3861,39129,64.333076,652.1473914,2908.0383678,3495.8526832,174480,209748
13,Woodshock,5,51,55,39203,44257,653.3640532,737.6137162,39130,44184,652.1473914,736.3970544,3495.8526832,3580.1023462,209749,214803
13,Woodshock,6,52,57,89,2548,1.4666608,42.4664968,16,2475,0.249999,41.249835,3580.8023434,3621.8021794,214845,217304
13,Woodshock,6,53,58,2549,6259,42.4664968,104.3162494,2476,6186,41.249835,103.0995876,3621.8021794,3683.651932,217305,221015
13,Woodshock,6,54,59,6260,8785,104.3162494,146.416081,6187,8712,103.0995876,145.1994192,3683.651932,3725.7517636,221016,223541
13,Woodshock,6,55,60,8786,10180,146.416081,169.665988,8713,10107,145.1994192,168.4493262,3725.7517636,3749.0016706,223542,224936
13,Woodshock,6,56,61,10181,10972,169.665988,182.8659352,10108,10899,168.4493262,181.6492734,3749.0016706,3762.2016178,224937,225728
13,Woodshock,6,57,62,10973,15132,182.8659352,252.1989912,10900,15059,181.6492734,250.9823294,3762.2016178,3831.5346738,225729,229888
13,Woodshock,6,58,63,15133,17170,252.1989912,286.165522,15060,17097,250.9823294,284.9488602,3831.5346738,3865.5012046,229889,231926
13,Woodshock,6,59,64,17171,20233,286.165522,337.2153178,17098,20160,284.9488602,335.998656,3865.5012046,3916.5510004,231927,234989
13,Woodshock,6,60,65,20234,22480,337.2153178,374.665168,20161,22407,335.998656,373.4485062,3916.5510004,3954.0008506,234990,237236
13,Woodshock,6,61,66,22481,22744,374.665168,379.0651504,22408,22671,373.4485062,377.8484886,3954.0008506,3958.400833,237237,237500
13,Woodshock,6,62,67,22745,24550,379.0651504,409.16503,22672,24477,377.8484886,407.9483682,3958.400833,3988.5007126,237501,239306
13,Woodshock,6,63,68,24551,29184,409.16503,486.3980544,24478,29111,407.9483682,485.1813926,3988.5007126,4065.733737,239307,243940
13,Woodshock,7,64,70,89,3532,1.4666608,58.8664312,16,3459,0.249999,57.6497694,4066.4504008,4123.8501712,243983,247426
13,Woodshock,7,65,71,3533,7498,58.8664312,124.9661668,3460,7425,57.6497694,123.749505,4123.8501712,4189.9499068,247427,251392
13,Woodshock,7,66,72,7499,8158,124.9661668,135.9661228,7426,8085,123.749505,134.749461,4189.9499068,4200.9498628,251393,252052
13,Woodshock,7,67,73,8159,9775,135.9661228,162.916015,8086,9702,134.749461,161.6993532,4200.9498628,4227.899755,252053,253669
13,Woodshock,7,68,74,9776,12424,162.916015,207.0658384,9703,12351,161.6993532,205.8491766,4227.899755,4272.0495784,253670,256318
13,Woodshock,7,69,75,12425,23956,207.0658384,399.2650696,12352,23883,205.8491766,398.0484078,4272.0495784,4464.2488096,256319,267850
13,Woodshock,7,70,76,23957,27223,399.2650696,453.7148518,23884,27150,398.0484078,452.49819,4464.2488096,4518.6985918,267851,271117
13,Woodshock,7,71,77,27224,33712,453.7148518,561.8644192,27151,33639,452.49819,560.6477574,4518.6985918,4626.8481592,271118,277606
13,Woodshock,7,72,78,33713,37066,561.8644192,617.7641956,33640,36993,560.6477574,616.5475338,4626.8481592,4682.7479356,277607,280960
13,Woodshock,8,73,80,91,7624,1.499994,127.0661584,18,7551,0.2833322,125.8494966,4683.3812664,4808.9474308,280998,288531
13,Woodshock,8,74,81,7625,11149,127.0661584,185.8159234,7552,11076,125.8494966,184.5992616,4808.9474308,4867.6971958,288532,292056
13,Woodshock,8,75,82,11150,14937,185.8159234,248.9490042,11077,14864,184.5992616,247.7323424,4867.6971958,4930.8302766,292057,295844
13,Woodshock,8,76,83,14938,28434,248.9490042,473.8981044,14865,28361,247.7323424,472.6814426,4930.8302766,5155.7793768,295845,309341
13,Woodshock,8,77,84,28435,41194,473.8981044,686.5639204,28362,41121,472.6814426,685.3472586,5155.7793768,5368.4451928,309342,322101
13,Woodshock,9,78,86,208,940,3.4499862,15.666604,135,867,2.2333244,14.4499422,5372.8618418,5385.0784596,322366,323098
