stimuli_id,stimuli_title,chapter,scene_no,scene_no_old,scene_start_frame_padded,scene_end_frame_padded,scene_start_time_padded,scene_end_time_padded,scene_start_frame_unpadded,scene_end_frame_unpadded,scene_start_time_unpadded,scene_end_time_unpadded,scene_start_time_unpadded_cumulative,scene_end_time_unpadded_cumulative,scene_start_frame_unpadded_cumulative,scene_end_frame_unpadded_cumulative
2,The Peanut Butter Falcon,1,1,1,74,3433,1.2166618,57.2164378,1,3360,0,55.999776,0,55.999776,1,3360
2,The Peanut Butter Falcon,1,2,2,3434,8371,57.2164378,139.5161086,3361,8298,55.999776,138.2994468,55.999776,138.2994468,3361,8298
2,The Peanut Butter Falcon,1,3,3,8372,8694,139.5161086,144.8994204,8299,8621,138.2994468,143.6827586,138.2994468,143.6827586,8299,8621
2,The Peanut Butter Falcon,1,4,4,8695,12127,144.8994204,202.1158582,8622,12054,143.6827586,200.8991964,143.6827586,200.8991964,8622,12054
2,The Peanut Butter Falcon,1,5,5,12128,21792,202.1158582,363.1985472,12055,21719,200.8991964,361.9818854,200.8991964,361.9818854,12055,21719
2,The Peanut Butter Falcon,1,6,6,21793,24817,363.1985472,413.6150122,21720,24744,361.9818854,412.3983504,361.9818854,412.3983504,21720,24744
2,The Peanut Butter Falcon,1,7,7,24818,28636,413.6150122,477.2647576,24745,28563,412.3983504,476.0480958,412.3983504,476.0480958,24745,28563
2,The Peanut Butter Falcon,1,8,8,28637,29812,477.2647576,496.8646792,28564,29739,476.0480958,495.6480174,476.0480958,495.6480174,28564,29739
2,The Peanut Butter Falcon,2,9,10,85,7524,1.3999944,125.3994984,12,7451,0.1833326,124.1828366,496.081349,620.080853,29765,37204
2,The Peanut Butter Falcon,2,10,11,7525,14362,125.3994984,239.3657092,7452,14289,124.1828366,238.1490474,620.080853,734.0470638,37205,44042
2,The Peanut Butter Falcon,2,11,12,14363,17286,239.3657092,288.0988476,14290,17213,238.1490474,286.8821858,734.0470638,782.7802022,44043,46966
2,The Peanut Butter Falcon,2,12,13,17287,34828,288.0988476,580.4643448,17214,34755,286.8821858,579.247683,782.7802022,1075.1456994,46967,64508
2,The Peanut Butter Falcon,3,13,15,86,3985,1.416661,66.416401,13,3912,0.1999992,65.1997392,1075.8456966,1140.8454366,64550,68449
2,The Peanut Butter Falcon,3,14,16,3986,12529,66.416401,208.8158314,3913,12456,65.1997392,207.5991696,1140.8454366,1283.244867,68450,76993
2,The Peanut Butter Falcon,3,15,17,12530,13399,208.8158314,223.3157734,12457,13326,207.5991696,222.0991116,1283.244867,1297.744809,76994,77863
2,The Peanut Butter Falcon,3,16,18,13400,15870,223.3157734,264.498942,13327,15797,222.0991116,263.2822802,1297.744809,1338.9279776,77864,80334
2,The Peanut Butter Falcon,3,17,19,15871,21109,264.498942,351.8152594,15798,21036,263.2822802,350.5985976,1338.9279776,1426.244295,80335,85573
2,The Peanut Butter Falcon,3,18,20,21110,27226,351.8152594,453.7648516,21037,27153,350.5985976,452.5481898,1426.244295,1528.1938872,85574,91690
2,The Peanut Butter Falcon,4,19,22,85,1174,1.3999944,19.5665884,12,1101,0.1833326,18.3499266,1528.5105526,1546.6771466,91709,92798
2,The Peanut Butter Falcon,4,20,23,1175,2803,19.5665884,46.7164798,1102,2730,18.3499266,45.499818,1546.6771466,1573.827038,92799,94427
2,The Peanut Butter Falcon,4,21,24,2804,10011,46.7164798,166.8493326,2731,9938,45.499818,165.6326708,1573.827038,1693.9598908,94428,101635
2,The Peanut Butter Falcon,4,22,25,10012,11707,166.8493326,195.1158862,9939,11634,165.6326708,193.8992244,1693.9598908,1722.2264444,101636,103331
2,The Peanut Butter Falcon,4,23,26,11708,25524,195.1158862,425.3982984,11635,25451,193.8992244,424.1816366,1722.2264444,1952.5088566,103332,117148
2,The Peanut Butter Falcon,5,24,28,88,841,1.4499942,14.0166106,15,768,0.2333324,12.7999488,1953.1421874,1965.7088038,117186,117939
2,The Peanut Butter Falcon,5,25,29,842,9181,14.0166106,153.0160546,769,9108,12.7999488,151.7993928,1965.7088038,2104.7082478,117940,126279
2,The Peanut Butter Falcon,5,26,30,9182,10149,153.0160546,169.1493234,9109,10076,151.7993928,167.9326616,2104.7082478,2120.8415166,126280,127247
2,The Peanut Butter Falcon,5,27,31,10150,19639,169.1493234,327.3153574,10077,19566,167.9326616,326.0986956,2120.8415166,2279.0075506,127248,136737
2,The Peanut Butter Falcon,5,28,32,19640,20611,327.3153574,343.5152926,19567,20538,326.0986956,342.2986308,2279.0075506,2295.2074858,136738,137709
2,The Peanut Butter Falcon,5,29,33,20612,23472,343.5152926,391.1984352,20539,23399,342.2986308,389.9817734,2295.2074858,2342.8906284,137710,140570
2,The Peanut Butter Falcon,5,30,34,23473,36438,391.1984352,607.2975708,23400,36365,389.9817734,606.080909,2342.8906284,2558.989764,140571,153536
2,The Peanut Butter Falcon,6,31,36,86,2980,1.416661,49.666468,13,2907,0.1999992,48.4498062,2559.9397602,2608.1895672,153593,156487
2,The Peanut Butter Falcon,6,32,37,2981,3750,49.666468,62.49975,2908,3677,48.4498062,61.2830882,2608.1895672,2621.0228492,156488,157257
2,The Peanut Butter Falcon,6,33,38,3751,4801,62.49975,80.0163466,3678,4728,61.2830882,78.7996848,2621.0228492,2638.5394458,157258,158308
2,The Peanut Butter Falcon,6,34,39,4802,6007,80.0163466,100.1162662,4729,5934,78.7996848,98.8996044,2638.5394458,2658.6393654,158309,159514
2,The Peanut Butter Falcon,6,35,40,6008,6919,100.1162662,115.3162054,5935,6846,98.8996044,114.0995436,2658.6393654,2673.8393046,159515,160426
2,The Peanut Butter Falcon,6,36,41,6920,8296,115.3162054,138.2661136,6847,8223,114.0995436,137.0494518,2673.8393046,2696.7892128,160427,161803
2,The Peanut Butter Falcon,6,37,42,8297,9208,138.2661136,153.4660528,8224,9135,137.0494518,152.249391,2696.7892128,2711.989152,161804,162715
2,The Peanut Butter Falcon,6,38,43,9209,13498,153.4660528,224.9657668,9136,13425,152.249391,223.749105,2711.989152,2783.488866,162716,167005
2,The Peanut Butter Falcon,6,39,44,13499,21637,224.9657668,360.6152242,13426,21564,223.749105,359.3985624,2783.488866,2919.1383234,167006,175144
2,The Peanut Butter Falcon,6,40,45,21638,26425,360.6152242,440.414905,21565,26352,359.3985624,439.1982432,2919.1383234,2998.9380042,175145,179932
2,The Peanut Butter Falcon,6,41,46,26426,28606,440.414905,476.7647596,26353,28533,439.1982432,475.5480978,2998.9380042,3035.2878588,179933,182113
2,The Peanut Butter Falcon,7,42,48,83,3151,1.3666612,52.5164566,10,3078,0.1499994,51.2997948,3037.5878496,3088.737645,182251,185319
2,The Peanut Butter Falcon,7,43,49,3152,13852,52.5164566,230.8657432,3079,13779,51.2997948,229.6490814,3088.737645,3267.0869316,185320,196020
2,The Peanut Butter Falcon,7,44,50,13853,26916,230.8657432,448.5982056,13780,26843,229.6490814,447.3815438,3267.0869316,3484.819394,196021,209084
2,The Peanut Butter Falcon,8,45,52,86,10483,1.416661,174.7159678,13,10410,0.1999992,173.499306,3485.2193924,3658.5186992,209108,219505
2,The Peanut Butter Falcon,8,46,53,10484,12363,174.7159678,206.0491758,10411,12290,173.499306,204.832514,3658.5186992,3689.8519072,219506,221385
2,The Peanut Butter Falcon,8,47,54,12364,17575,206.0491758,292.915495,12291,17502,204.832514,291.6988332,3689.8519072,3776.7182264,221386,226597
2,The Peanut Butter Falcon,8,48,55,17576,21526,292.915495,358.7652316,17503,21453,291.6988332,357.5485698,3776.7182264,3842.567963,226598,230548
2,The Peanut Butter Falcon,8,49,56,21527,22717,358.7652316,378.6151522,21454,22644,357.5485698,377.3984904,3842.567963,3862.4178836,230549,231739
2,The Peanut Butter Falcon,9,50,58,86,4047,1.416661,67.4497302,13,3974,0.1999992,66.2330684,3862.8012154,3928.8342846,231762,235723
2,The Peanut Butter Falcon,9,51,59,4048,10576,67.4497302,176.2659616,3975,10503,66.2330684,175.0492998,3928.8342846,4037.650516,235724,242252
2,The Peanut Butter Falcon,9,52,60,10577,12265,176.2659616,204.415849,10504,12192,175.0492998,203.1991872,4037.650516,4065.8004034,242253,243941
2,The Peanut Butter Falcon,9,53,61,12266,16437,204.415849,273.9489042,12193,16364,203.1991872,272.7322424,4065.8004034,4135.3334586,243942,248113
2,The Peanut Butter Falcon,9,54,62,16438,21595,273.9489042,359.915227,16365,21522,272.7322424,358.6985652,4135.3334586,4221.2997814,248114,253271
2,The Peanut Butter Falcon,9,55,63,21596,32488,359.915227,541.4645008,21523,32415,358.6985652,540.247839,4221.2997814,4402.8490552,253272,264164
2,The Peanut Butter Falcon,10,56,65,85,8910,1.3999944,148.499406,12,8837,0.1833326,147.2827442,4403.5323858,4550.6317974,264205,273030
2,The Peanut Butter Falcon,10,57,66,8911,16903,148.499406,281.7155398,8838,16830,147.2827442,280.498878,4550.6317974,4683.8479312,273031,281023
2,The Peanut Butter Falcon,10,58,67,16904,21886,281.7155398,364.7652076,16831,21813,280.498878,363.5485458,4683.8479312,4766.897599,281024,286006
2,The Peanut Butter Falcon,10,59,68,21887,24618,364.7652076,410.2983588,21814,24545,363.5485458,409.081697,4766.897599,4812.4307502,286007,288738
2,The Peanut Butter Falcon,10,60,69,24619,28417,410.2983588,473.6147722,24546,28344,409.081697,472.3981104,4812.4307502,4875.7471636,288739,292537
2,The Peanut Butter Falcon,11,61,71,88,5710,1.4499942,95.166286,15,5637,0.2333324,93.9496242,4876.230495,4969.9467868,292566,298188
2,The Peanut Butter Falcon,11,62,72,5711,10512,95.166286,175.1992992,5638,10439,93.9496242,173.9826374,4969.9467868,5049.9798,298189,302990
2,The Peanut Butter Falcon,11,63,73,10513,27429,175.1992992,457.1481714,10440,27356,173.9826374,455.9315096,5049.9798,5331.9286722,302991,319907
2,The Peanut Butter Falcon,11,64,74,27430,28089,457.1481714,468.1481274,27357,28016,455.9315096,466.9314656,5331.9286722,5342.9286282,319908,320567
2,The Peanut Butter Falcon,11,65,75,28090,29377,468.1481274,489.6147082,28017,29304,466.9314656,488.3980464,5342.9286282,5364.395209,320568,321855
2,The Peanut Butter Falcon,11,66,76,29378,29938,489.6147082,498.9646708,29305,29865,488.3980464,497.748009,5364.395209,5373.7451716,321856,322416
2,The Peanut Butter Falcon,11,67,77,29939,30859,498.9646708,514.3146094,29866,30786,497.748009,513.0979476,5373.7451716,5389.0951102,322417,323337
2,The Peanut Butter Falcon,11,68,78,30860,31911,514.3146094,531.8478726,30787,31838,513.0979476,530.6312108,5389.0951102,5406.6283734,323338,324389
2,The Peanut Butter Falcon,11,69,79,31912,35821,531.8478726,597.0142786,31839,35748,530.6312108,595.7976168,5406.6283734,5471.7947794,324390,328299
2,The Peanut Butter Falcon,12,70,81,110,829,1.8166594,13.8166114,37,756,0.5999976,12.5999496,5473.4281062,5485.4280582,328397,329116
